8096  |  6235  |  613421
8007  |  6036  |  647344
7761  |  3509  |  416901
7687  |  4902  |  905230
7669  |  3332  |  519208
7644  |  4815  |  416519
7540  |  4750  |  416546
7498  |  0  |  416551
7430  |  5949  |  647343
7406  |  4092  |  613823
7171  |  3726  |  613680
7119  |  4502  |  613825
7090  |  5556  |  289232
7085  |  4404  |  647340
7074  |  5669  |  613422
7045  |  0  |  519735
7034  |  4192  |  905303
7022  |  0  |  705429
7021  |  0  |  226663
7017  |  0  |  416792
6911  |  3383  |  905417
6908  |  5362  |  647342
6855  |  4925  |  613824
6828  |  4084  |  905471
6806  |  5298  |  905216
6761  |  6064  |  647345
6739  |  2234  |  905892
6732  |  0  |  613389
6704  |  3964  |  647341
6630  |  3903  |  647349
6626  |  3321  |  905495
6582  |  4357  |  613623
6579  |  2131  |  647350
6561  |  0  |  519979
6552  |  4295  |  905877
6501  |  4104  |  905294
6495  |  3999  |  905257
6484  |  4189  |  905832
6482  |  3029  |  416686
6481  |  4270  |  613836
6440  |  3913  |  905824
6437  |  4413  |  613837
6436  |  3781  |  905846
6422  |  0  |  807767
6416  |  3990  |  905623
6412  |  4218  |  613830
6411  |  4142  |  613283
6400  |  3800  |  905476
6378  |  0  |  519204
6375  |  3025  |  905389
6365  |  4031  |  613834
6347  |  4109  |  613258
6342  |  3271  |  905773
6301  |  0  |  519633
6292  |  0  |  807577
6288  |  2884  |  905385
6286  |  3802  |  613841
6285  |  3616  |  905472
6258  |  5414  |  705252
6257  |  4128  |  905827
6237  |  4063  |  905728
6223  |  2852  |  905383
6200  |  2967  |  905388
6191  |  0  |  519471
6169  |  3731  |  905655
6102  |  0  |  705969
6091  |  0  |  519736
6086  |  0  |  519542
6083  |  3805  |  905725
6069  |  0  |  519472
6048  |  3806  |  613831
6027  |  3710  |  519753
6023  |  0  |  613392
5989  |  4025  |  905935
5975  |  3720  |  905576
5952  |  3709  |  905579
5924  |  4302  |  905648
5913  |  3910  |  905668
5897  |  3506  |  905840
5888  |  3900  |  905627
5888  |  3582  |  905723
5862  |  2743  |  905597
5846  |  0  |  613384
5843  |  4039  |  905934
5841  |  0  |  519631
5805  |  3534  |  519752
5797  |  0  |  905894
5793  |  0  |  519371
5792  |  0  |  705445
5782  |  3583  |  705326
5781  |  3877  |  519426
5781  |  3761  |  519539
5773  |  0  |  705687
5765  |  0  |  519473
5747  |  0  |  705549
5740  |  2770  |  905387
5688  |  3632  |  519623
5684  |  3521  |  519621
5678  |  0  |  519969
5671  |  3533  |  519821
5666  |  0  |  613354
5662  |  0  |  519326
5661  |  0  |  613476
5657  |  3151  |  905737
5651  |  0  |  705745
5650  |  0  |  905985
5648  |  3633  |  519824
5637  |  3718  |  905775
5637  |  0  |  905885
5631  |  3379  |  905794
5611  |  3363  |  905884
5597  |  3766  |  905878
5583  |  889  |  519822
5560  |  3446  |  905847
5556  |  3430  |  519756
5544  |  3613  |  905893
5533  |  3485  |  905354
5525  |  3780  |  905683
5523  |  0  |  705742
5517  |  3613  |  905686
5517  |  0  |  519948
5511  |  3432  |  705728
5511  |  3386  |  613475
5504  |  0  |  519376
5495  |  2959  |  905770
5494  |  3006  |  905887
5493  |  4597  |  519265
5492  |  0  |  705522
5491  |  3456  |  905643
5487  |  0  |  613962
5482  |  3259  |  519745
5477  |  0  |  807344
5456  |  3543  |  905427
5456  |  3362  |  705726
5438  |  3204  |  905455
5425  |  2837  |  519954
5425  |  0  |  519271
5420  |  0  |  519945
5419  |  0  |  613932
5397  |  0  |  519354
5385  |  3046  |  905997
5380  |  3571  |  905662
5376  |  3254  |  905727
5376  |  0  |  519245
5367  |  3265  |  519576
5363  |  3129  |  519743
5349  |  2806  |  905508
5318  |  3644  |  613632
5318  |  3351  |  613342
5310  |  3114  |  519578
5295  |  3427  |  705325
5291  |  3497  |  416282
5288  |  0  |  519657
5274  |  2869  |  905201
5270  |  3249  |  519836
5253  |  1  |  905372
5238  |  0  |  705268
5233  |  0  |  705645
5225  |  3012  |  905697
5225  |  0  |  705253
5222  |  2993  |  905665
5220  |  2631  |  613687
5219  |  3438  |  613592
5219  |  3009  |  905457
5218  |  3256  |  905895
5217  |  2965  |  519579
5209  |  3058  |  519742
5200  |  3302  |  613735
5200  |  0  |  519352
5189  |  3187  |  519893
5188  |  0  |  519733
5187  |  0  |  705424
5186  |  3204  |  613828
5178  |  3300  |  905735
5170  |  3027  |  905826
5168  |  3307  |  905634
5164  |  1959  |  905232
5160  |  3553  |  705435
5152  |  3462  |  905839
5150  |  3019  |  613729
5141  |  0  |  613933
5138  |  3  |  416466
5134  |  3462  |  905852
5129  |  1647  |  905765
5128  |  3303  |  905628
5119  |  2344  |  905318
5115  |  3254  |  905937
5115  |  3002  |  519622
5107  |  3375  |  416284
5106  |  2491  |  905574
5103  |  3132  |  519941
5099  |  0  |  519627
5099  |  0  |  519351
5089  |  0  |  613542
5079  |  3361  |  905332
5076  |  3987  |  905851
5075  |  5970  |  647346
5064  |  3164  |  416488
5056  |  3020  |  905793
5054  |  3205  |  416244
5054  |  2996  |  416439
5041  |  3831  |  613692
5021  |  3380  |  905356
5008  |  3  |  416438
5005  |  3909  |  905239
5001  |  3531  |  613432
4998  |  3294  |  416247
4998  |  3205  |  905889
4997  |  3129  |  905430
4995  |  3413  |  613267
4994  |  3444  |  905336
4974  |  957  |  519884
4972  |  0  |  705743
4969  |  2910  |  905469
4963  |  2899  |  613523
4962  |  3163  |  905304
4943  |  3057  |  905426
4938  |  3075  |  416698
4936  |  3112  |  519442
4936  |  2992  |  416261
4929  |  0  |  519273
4926  |  2973  |  416465
4923  |  2593  |  519653
4922  |  2994  |  416767
4919  |  0  |  613821
4913  |  3075  |  905873
4912  |  2648  |  905785
4911  |  2902  |  416225
4910  |  0  |  807274
4909  |  2977  |  613733
4907  |  3373  |  905945
4903  |  3151  |  416249
4897  |  3231  |  905664
4888  |  0  |  519966
4885  |  0  |  705789
4883  |  3349  |  613256
4877  |  3273  |  905637
4873  |  3020  |  519744
4873  |  2730  |  613829
4867  |  2936  |  613521
4862  |  0  |  807622
4857  |  2970  |  905666
4855  |  2951  |  416241
4851  |  2977  |  905563
4849  |  1369  |  519763
4848  |  3077  |  905732
4847  |  2288  |  519886
4846  |  2998  |  905331
4840  |  1  |  416283
4838  |  3466  |  905335
4826  |  3182  |  519759
4826  |  3083  |  613224
4823  |  2352  |  905575
4823  |  0  |  519842
4818  |  3100  |  905279
4817  |  3059  |  613225
4815  |  1  |  416783
4811  |  2998  |  905857
4810  |  0  |  519455
4809  |  3135  |  905646
4807  |  0  |  705264
4790  |  0  |  519681
4777  |  2969  |  416769
4772  |  3077  |  905881
4763  |  0  |  705324
4738  |  2652  |  905883
4736  |  2980  |  905275
4733  |  0  |  613968
4725  |  2770  |  905450
4725  |  0  |  519641
4724  |  0  |  613332
4723  |  3059  |  416267
4716  |  2898  |  613746
4704  |  0  |  519451
4701  |  0  |  705657
4699  |  0  |  519344
4693  |  2988  |  905898
4691  |  2937  |  416782
4691  |  0  |  705855
4687  |  0  |  519396
4679  |  2950  |  416766
4676  |  0  |  613394
4669  |  2512  |  905796
4669  |  2  |  416266
4667  |  2951  |  416255
4666  |  3463  |  905856
4661  |  2866  |  416259
4659  |  2716  |  416423
4658  |  2945  |  416444
4656  |  0  |  705942
4653  |  0  |  613634
4643  |  2739  |  613820
4636  |  0  |  519453
4633  |  2658  |  519885
4630  |  3125  |  416233
4605  |  4  |  416762
4605  |  2811  |  613599
4601  |  2863  |  905731
4597  |  3012  |  613732
4592  |  3181  |  613822
4592  |  1  |  416621
4588  |  2933  |  905227
4579  |  2747  |  905834
4555  |  3106  |  905820
4554  |  3198  |  905640
4554  |  2758  |  416431
4551  |  2787  |  905358
4549  |  0  |  705753
4543  |  0  |  519474
4539  |  3493  |  905553
4527  |  0  |  519669
4524  |  1405  |  905689
4522  |  0  |  519853
4519  |  2617  |  905454
4519  |  0  |  613966
4517  |  2854  |  613443
4515  |  0  |  705526
4513  |  2957  |  613446
4513  |  0  |  519534
4499  |  2824  |  416781
4497  |  2676  |  905841
4492  |  2876  |  905791
4492  |  2617  |  905571
4491  |  2867  |  416755
4488  |  0  |  705949
4487  |  2669  |  905682
4481  |  2993  |  905639
4481  |  2526  |  905497
4478  |  2660  |  613722
4474  |  0  |  519524
4471  |  2570  |  416221
4456  |  1  |  416651
4455  |  2755  |  416222
4451  |  2881  |  905274
4450  |  2610  |  416461
4439  |  2957  |  416239
4439  |  2684  |  416286
4435  |  2924  |  905428
4435  |  0  |  519676
4434  |  1308  |  519894
4426  |  2900  |  416759
4422  |  2667  |  905278
4420  |  2996  |  905632
4404  |  2842  |  905270
4382  |  4795  |  905237
4379  |  2872  |  905468
4378  |  3062  |  905844
4376  |  2809  |  905831
4376  |  0  |  519944
4374  |  0  |  519686
4369  |  2824  |  416787
4368  |  2774  |  905822
4367  |  2759  |  416757
4366  |  2762  |  905886
4363  |  2607  |  905684
4363  |  0  |  519337
4359  |  2332  |  416299
4359  |  0  |  519925
4357  |  2728  |  613741
4341  |  2660  |  905357
4334  |  872  |  519896
4334  |  4  |  416724
4331  |  0  |  705474
4330  |  0  |  519601
4324  |  0  |  705566
4320  |  2346  |  905561
4316  |  2354  |  519746
4299  |  0  |  519336
4294  |  2663  |  416653
4292  |  2546  |  416293
4292  |  0  |  705746
4281  |  2673  |  705431
4279  |  0  |  613938
4274  |  2833  |  905420
4270  |  2445  |  416421
4269  |  2669  |  613345
4259  |  0  |  519364
4255  |  2713  |  416654
4255  |  2534  |  416491
4250  |  2492  |  613728
4246  |  0  |  519438
4242  |  0  |  519250
4241  |  2515  |  416493
4240  |  2791  |  416231
4240  |  0  |  613546
4236  |  2590  |  416223
4235  |  2507  |  416425
4233  |  4285  |  905554
4229  |  0  |  519433
4224  |  2721  |  905453
4222  |  0  |  519434
4220  |  2490  |  613744
4219  |  2216  |  905560
4217  |  2448  |  416536
4205  |  2755  |  905825
4204  |  2425  |  416532
4203  |  0  |  807345
4198  |  0  |  705472
4197  |  2450  |  416534
4187  |  0  |  705689
4180  |  2567  |  905836
4176  |  2433  |  416497
4172  |  2406  |  905607
4165  |  2510  |  416245
4153  |  5798  |  289240
4149  |  2543  |  416656
4143  |  1163  |  519740
4136  |  0  |  416264
4123  |  2478  |  905544
4117  |  0  |  519291
4115  |  2380  |  416533
4113  |  0  |  519637
4110  |  2498  |  416537
4110  |  0  |  705476
4104  |  2468  |  905853
4103  |  2604  |  613749
4101  |  2711  |  905459
4100  |  0  |  519843
4098  |  2470  |  905951
4089  |  2271  |  416535
4088  |  0  |  519972
4085  |  2292  |  416429
4077  |  2537  |  905823
4068  |  2454  |  905545
4064  |  2487  |  705737
4061  |  2579  |  416248
4054  |  2630  |  416633
4048  |  0  |  613549
4041  |  2452  |  416265
4039  |  2558  |  905451
4027  |  2626  |  905319
4018  |  0  |  519538
4015  |  2606  |  705436
4002  |  2401  |  416494
3998  |  2509  |  416636
3998  |  2382  |  613382
3998  |  0  |  705752
3991  |  0  |  705292
3990  |  2505  |  613257
3990  |  0  |  613544
3986  |  2466  |  416481
3985  |  2531  |  416483
3976  |  2205  |  905578
3973  |  2670  |  416622
3973  |  2600  |  416638
3965  |  2169  |  416741
3964  |  2437  |  416691
3958  |  2373  |  905734
3936  |  3  |  416742
3932  |  0  |  705756
3914  |  2430  |  416694
3911  |  0  |  613547
3909  |  2907  |  905240
3906  |  2266  |  416743
3906  |  2252  |  905685
3901  |  0  |  416492
3898  |  0  |  416298
3897  |  2468  |  416489
3894  |  0  |  519974
3894  |  0  |  416292
3887  |  2208  |  416269
3882  |  2  |  416690
3881  |  1797  |  519620
3877  |  2160  |  416531
3861  |  0  |  416242
3856  |  2389  |  905567
3854  |  0  |  705560
3847  |  0  |  705652
3841  |  0  |  705848
3838  |  2313  |  416499
3832  |  2110  |  905821
3827  |  2474  |  416485
3826  |  2393  |  905547
3821  |  2751  |  905642
3821  |  0  |  705286
3819  |  0  |  807475
3808  |  2186  |  905799
3806  |  0  |  613832
3805  |  2249  |  705722
3804  |  2362  |  905549
3804  |  0  |  905722
3798  |  2196  |  613253
3793  |  3985  |  519304
3791  |  0  |  807683
3786  |  2028  |  905277
3778  |  0  |  705444
3775  |  2601  |  905845
3758  |  0  |  705454
3756  |  2231  |  905271
3732  |  2342  |  613226
3726  |  2307  |  416751
3725  |  1780  |  416516
3715  |  0  |  519432
3714  |  0  |  519776
3711  |  0  |  613967
3701  |  2380  |  416699
3700  |  0  |  705647
3699  |  1  |  416778
3697  |  2158  |  416630
3696  |  0  |  905509
3692  |  0  |  905871
3690  |  2339  |  905792
3689  |  2303  |  613745
3680  |  0  |  705748
3666  |  0  |  807468
3662  |  2129  |  905309
3650  |  0  |  519485
3635  |  0  |  519738
3632  |  971  |  905690
3630  |  2193  |  416752
3628  |  1911  |  905814
3628  |  0  |  807768
3628  |  0  |  519659
3627  |  2335  |  905436
3623  |  1934  |  705792
3616  |  2010  |  705735
3612  |  2400  |  905828
3605  |  2057  |  416925
3604  |  2070  |  905702
3599  |  0  |  519846
3594  |  0  |  519688
3590  |  2142  |  905764
3587  |  2083  |  416226
3583  |  0  |  705887
3581  |  2123  |  519823
3578  |  0  |  519323
3577  |  2001  |  416398
3577  |  1942  |  416929
3575  |  2017  |  416604
3573  |  2218  |  416287
3568  |  2418  |  905842
3568  |  2223  |  416763
3566  |  1839  |  416614
3566  |  0  |  705335
3565  |  2012  |  905864
3561  |  2200  |  613925
3559  |  0  |  705738
3557  |  2736  |  416487
3555  |  1943  |  905790
3551  |  0  |  613731
3548  |  0  |  807623
3548  |  0  |  705692
3540  |  2001  |  905272
3531  |  2096  |  905458
3530  |  2607  |  519942
3530  |  1697  |  905522
3530  |  0  |  905774
3530  |  0  |  519253
3526  |  0  |  519443
3515  |  0  |  705897
3514  |  0  |  705759
3513  |  1929  |  705327
3508  |  0  |  519582
3507  |  2265  |  905681
3501  |  0  |  416291
3495  |  0  |  705254
3490  |  2024  |  905276
3484  |  1878  |  905573
3481  |  1649  |  905780
3480  |  5613  |  613424
3476  |  2  |  416652
3457  |  1920  |  705739
3449  |  0  |  519685
3436  |  0  |  705524
3436  |  0  |  519599
3419  |  0  |  519256
3414  |  0  |  519252
3413  |  1995  |  613596
3412  |  2225  |  416626
3410  |  1911  |  416498
3410  |  1748  |  905525
3405  |  2191  |  905434
3401  |  0  |  705835
3395  |  0  |  905957
3390  |  2151  |  905338
3388  |  1842  |  613721
3381  |  0  |  705741
3379  |  0  |  613767
3378  |  2056  |  519537
3375  |  1865  |  705721
3362  |  0  |  519773
3362  |  0  |  519734
3361  |  0  |  705754
3360  |  1814  |  905479
3355  |  2034  |  416745
3354  |  1708  |  613260
3348  |  0  |  519728
3343  |  1956  |  905452
3342  |  2016  |  905876
3341  |  1907  |  519747
3331  |  0  |  519284
3329  |  0  |  519662
3328  |  0  |  705523
3320  |  0  |  807548
3315  |  1866  |  416746
3311  |  0  |  519652
3309  |  0  |  519254
3307  |  0  |  705799
3304  |  1668  |  416740
3302  |  912  |  905679
3301  |  0  |  613756
3298  |  0  |  416289
3297  |  2039  |  905631
3296  |  1917  |  905891
3296  |  0  |  519395
3288  |  0  |  519583
3284  |  1893  |  416754
3280  |  2100  |  905619
3271  |  1993  |  905835
3269  |  2180  |  905890
3265  |  2286  |  613525
3263  |  2034  |  519658
3263  |  0  |  519428
3251  |  1690  |  416335
3248  |  1847  |  519837
3242  |  3478  |  905635
3239  |  2093  |  416486
3235  |  0  |  905936
3231  |  0  |  705322
3223  |  2164  |  905562
3220  |  0  |  519882
3219  |  0  |  705946
3217  |  0  |  519457
3216  |  1746  |  905763
3215  |  2034  |  519748
3211  |  1935  |  905882
3206  |  1873  |  416253
3204  |  0  |  519786
3202  |  1797  |  519940
3200  |  1623  |  519650
3192  |  1582  |  905529
3191  |  0  |  519978
3189  |  1872  |  905473
3182  |  1668  |  905874
3180  |  0  |  705267
3174  |  0  |  705567
3172  |  1740  |  905726
3171  |  1853  |  905938
3168  |  1575  |  905528
3166  |  0  |  519332
3165  |  0  |  519739
3161  |  1551  |  705719
3157  |  1783  |  416932
3150  |  1853  |  416243
3146  |  1977  |  416785
3144  |  1886  |  905848
3140  |  0  |  705749
3138  |  1779  |  613271
3138  |  1761  |  905477
3137  |  1836  |  613843
3134  |  1730  |  905569
3120  |  1826  |  905709
3120  |  1644  |  905527
3114  |  1  |  416482
3106  |  0  |  705878
3104  |  0  |  613395
3094  |  2160  |  905850
3090  |  0  |  519727
3089  |  0  |  519238
3086  |  1785  |  613526
3086  |  0  |  705876
3078  |  0  |  519787
3060  |  0  |  519674
3053  |  2  |  416693
3051  |  2056  |  416447
3042  |  1705  |  416321
3039  |  5313  |  613435
3037  |  1811  |  416285
3025  |  0  |  705534
3021  |  1549  |  519624
3017  |  1613  |  905502
3017  |  1476  |  905653
3017  |  0  |  613531
3015  |  1766  |  905837
3013  |  0  |  519369
3011  |  1988  |  905858
3011  |  0  |  519672
3008  |  1658  |  416696
3001  |  1723  |  905456
3000  |  1958  |  416463
2995  |  0  |  519856
2988  |  1890  |  416236
2986  |  0  |  519858
2985  |  1  |  416538
2984  |  1717  |  905688
2984  |  1691  |  905507
2981  |  1988  |  905849
2980  |  0  |  519258
2978  |  0  |  705693
2972  |  1563  |  613695
2966  |  0  |  705653
2965  |  1658  |  416748
2956  |  1811  |  416922
2952  |  1734  |  905855
2949  |  1618  |  905896
2949  |  0  |  705235
2948  |  0  |  705426
2945  |  1504  |  905789
2945  |  0  |  519668
2938  |  5351  |  289997
2934  |  1813  |  416251
2933  |  0  |  416467
2929  |  1606  |  613726
2929  |  1605  |  519570
2928  |  1849  |  416449
2925  |  1940  |  416789
2919  |  1837  |  705434
2916  |  0  |  705656
2914  |  1717  |  416503
2910  |  0  |  613353
2910  |  0  |  613273
2881  |  1650  |  416733
2877  |  0  |  705673
2869  |  1699  |  416297
2868  |  0  |  613234
2863  |  0  |  705437
2860  |  0  |  613747
2856  |  0  |  705869
2853  |  1523  |  905712
2848  |  0  |  705674
2847  |  827  |  905538
2847  |  1663  |  905568
2842  |  1440  |  705733
2834  |  1843  |  905264
2820  |  0  |  519682
2804  |  1605  |  905721
2800  |  0  |  905987
2792  |  1919  |  613838
2788  |  0  |  705256
2785  |  0  |  519649
2784  |  1776  |  905625
2784  |  1582  |  905713
2784  |  0  |  705533
2783  |  0  |  519797
2782  |  1584  |  905209
2780  |  1795  |  613739
2776  |  1750  |  905812
2773  |  0  |  705788
2772  |  0  |  519482
2766  |  0  |  807223
2765  |  1461  |  905680
2764  |  0  |  519268
2761  |  0  |  705457
2758  |  1572  |  905692
2750  |  0  |  613228
2742  |  0  |  416921
2741  |  0  |  519439
2735  |  0  |  613233
2734  |  3850  |  905235
2734  |  0  |  905659
2725  |  3059  |  905493
2723  |  1450  |  519749
2718  |  1508  |  416512
2716  |  1560  |  416422
2710  |  1954  |  905432
2707  |  0  |  416635
2706  |  0  |  905701
2705  |  0  |  416850
2702  |  4147  |  905915
2698  |  0  |  519765
2690  |  0  |  705389
2689  |  253  |  416913
2689  |  1816  |  416281
2688  |  0  |  613478
2687  |  0  |  613336
2686  |  1668  |  905875
2680  |  0  |  519679
2670  |  0  |  705328
2657  |  0  |  905333
2653  |  0  |  905297
2653  |  0  |  705765
2645  |  1556  |  905771
2645  |  0  |  519586
2641  |  1484  |  905953
2640  |  0  |  705778
2636  |  1638  |  613591
2634  |  0  |  519881
2628  |  1794  |  905542
2623  |  0  |  705646
2619  |  1959  |  416749
2612  |  0  |  416924
2605  |  1454  |  416744
2605  |  1420  |  613590
2598  |  1454  |  905707
2593  |  1  |  416588
2587  |  0  |  416250
2586  |  0  |  613473
2584  |  0  |  613321
2580  |  16  |  416661
2578  |  0  |  519936
2576  |  1563  |  905788
2565  |  0  |  705361
2560  |  0  |  705527
2559  |  0  |  905281
2556  |  1542  |  905693
2553  |  0  |  705362
2544  |  1778  |  613584
2542  |  0  |  705732
2539  |  0  |  519832
2534  |  0  |  519422
2532  |  0  |  613398
2530  |  1447  |  519758
2517  |  0  |  905927
2512  |  1389  |  905720
2504  |  1655  |  519421
2503  |  1430  |  416224
2499  |  0  |  519322
2497  |  1403  |  416750
2493  |  0  |  519357
2491  |  1593  |  905465
2485  |  0  |  613236
2479  |  2113  |  905393
2479  |  1934  |  416658
2473  |  1347  |  519571
2473  |  0  |  519666
2470  |  0  |  613839
2465  |  0  |  519235
2462  |  0  |  705945
2460  |  912  |  905654
2460  |  0  |  613264
2458  |  1356  |  905819
2453  |  0  |  416920
2448  |  1964  |  905956
2448  |  0  |  705497
2440  |  1633  |  905729
2437  |  1574  |  613737
2429  |  1586  |  416484
2428  |  1098  |  416332
2421  |  2395  |  905604
2420  |  0  |  519348
2418  |  1605  |  416445
2417  |  1417  |  705329
2417  |  1273  |  705734
2415  |  1535  |  416695
2414  |  0  |  416703
2411  |  1381  |  905830
2405  |  1278  |  905371
2404  |  0  |  705495
2398  |  1508  |  519751
2392  |  0  |  613936
2392  |  0  |  613237
2379  |  0  |  416609
2379  |  0  |  416469
2371  |  0  |  905373
2371  |  0  |  705487
2362  |  1479  |  416252
2350  |  0  |  416964
2346  |  1310  |  416229
2341  |  0  |  705272
2338  |  0  |  905768
2334  |  1277  |  519888
2334  |  0  |  705635
2333  |  0  |  613969
2332  |  1358  |  519767
2331  |  0  |  416391
2324  |  1614  |  905295
2323  |  1369  |  705725
2316  |  1118  |  905286
2310  |  0  |  705456
2309  |  0  |  613347
2306  |  0  |  905377
2306  |  0  |  519638
2304  |  1440  |  613764
2303  |  0  |  519869
2298  |  0  |  905337
2295  |  1538  |  613738
2289  |  0  |  613761
2284  |  1240  |  416502
2284  |  0  |  705428
2283  |  0  |  807473
2277  |  0  |  613659
2277  |  0  |  416944
2275  |  1747  |  905374
2275  |  1312  |  416322
2273  |  0  |  613284
2268  |  0  |  416203
2251  |  0  |  705766
2250  |  0  |  519986
2249  |  1288  |  416496
2246  |  0  |  416256
2241  |  0  |  613230
2232  |  0  |  705983
2229  |  1301  |  416665
2226  |  0  |  905296
2225  |  0  |  519680
2221  |  0  |  519372
2219  |  0  |  613730
2217  |  1409  |  905433
2211  |  1316  |  905778
2210  |  1060  |  905787
2210  |  0  |  519595
2208  |  1285  |  613736
2200  |  0  |  519794
2198  |  0  |  519243
2186  |  0  |  905939
2186  |  0  |  613241
2185  |  0  |  905523
2178  |  1460  |  905404
2173  |  0  |  613673
2172  |  0  |  613445
2170  |  1228  |  416747
2167  |  0  |  705762
2166  |  1158  |  613270
2166  |  0  |  613924
2161  |  0  |  519389
2160  |  0  |  613472
2160  |  0  |  519951
2160  |  0  |  519634
2158  |  0  |  705489
2155  |  1121  |  905714
2150  |  955  |  519880
2141  |  1373  |  905624
2130  |  1398  |  905829
2130  |  1067  |  905526
2124  |  0  |  416462
2123  |  0  |  905342
2112  |  0  |  705446
2112  |  0  |  613565
2112  |  0  |  519848
2099  |  590  |  647436
2097  |  1212  |  905265
2096  |  0  |  519923
2092  |  0  |  519383
2089  |  3382  |  613440
2085  |  0  |  905989
2081  |  0  |  519833
2077  |  1136  |  905470
2076  |  0  |  705375
2075  |  0  |  613396
2074  |  0  |  705724
2074  |  0  |  613835
2074  |  0  |  519977
2063  |  0  |  705448
2062  |  0  |  519632
2061  |  1505  |  905833
2061  |  1257  |  905273
2058  |  0  |  807737
2056  |  0  |  613842
2052  |  0  |  613231
2047  |  0  |  613774
2044  |  0  |  705675
2039  |  0  |  519967
2036  |  1220  |  613498
2036  |  1099  |  519766
2024  |  0  |  613489
2020  |  0  |  705484
2016  |  0  |  705458
1998  |  0  |  613723
1995  |  923  |  905353
1992  |  0  |  613399
1992  |  0  |  519642
1991  |  1125  |  905970
1988  |  0  |  519425
1987  |  0  |  905326
1985  |  0  |  905897
1982  |  0  |  705874
1974  |  0  |  519825
1974  |  0  |  519272
1973  |  0  |  807937
1971  |  0  |  705385
1968  |  1492  |  905584
1968  |  0  |  905880
1963  |  2518  |  905492
1962  |  1177  |  416663
1959  |  0  |  519793
1946  |  921  |  416530
1945  |  0  |  705356
1943  |  0  |  519660
1942  |  0  |  613548
1938  |  1264  |  905263
1936  |  0  |  613931
1936  |  0  |  519363
1934  |  1005  |  705730
1931  |  0  |  613545
1930  |  1197  |  416756
1926  |  0  |  519419
1925  |  0  |  705694
1922  |  0  |  705649
1920  |  0  |  613833
1915  |  0  |  705672
1914  |  1191  |  905478
1909  |  1049  |  416412
1903  |  1294  |  416234
1900  |  1070  |  905608
1899  |  0  |  416923
1897  |  973  |  613247
1893  |  0  |  613628
1889  |  0  |  519862
1887  |  0  |  613543
1884  |  0  |  905899
1881  |  1257  |  519741
1881  |  0  |  705232
1880  |  1029  |  416385
1879  |  961  |  905460
1873  |  0  |  905315
1871  |  0  |  613433
1866  |  0  |  613374
1855  |  1052  |  416240
1848  |  1034  |  905641
1847  |  0  |  705377
1846  |  0  |  519683
1842  |  1071  |  905566
1838  |  1  |  905772
1837  |  0  |  905524
1837  |  0  |  613487
1830  |  0  |  905986
1829  |  1928  |  705259
1829  |  1032  |  905475
1828  |  681  |  905290
1828  |  1061  |  416760
1828  |  0  |  705636
1820  |  718  |  519342
1819  |  0  |  705696
1814  |  0  |  705525
1812  |  0  |  705461
1811  |  0  |  905776
1804  |  0  |  613748
1801  |  0  |  416736
1799  |  882  |  519780
1797  |  0  |  416987
1794  |  983  |  519895
1793  |  996  |  519754
1791  |  1167  |  905859
1791  |  0  |  705932
1790  |  1259  |  519725
1789  |  0  |  613448
1787  |  0  |  613742
1777  |  0  |  519264
1776  |  3407  |  519267
1767  |  0  |  613376
1764  |  0  |  519448
1753  |  1105  |  613678
1752  |  672  |  647439
1748  |  1199  |  905738
1746  |  0  |  613757
1742  |  0  |  705382
1741  |  946  |  416490
1740  |  1039  |  416441
1737  |  0  |  705295
1736  |  0  |  705277
1734  |  0  |  416916
1733  |  969  |  905687
1729  |  0  |  807543
1728  |  2053  |  905990
1722  |  586  |  647435
1720  |  0  |  705740
1716  |  0  |  519664
1710  |  951  |  519651
1710  |  1208  |  905813
1710  |  0  |  416927
1695  |  0  |  705877
1691  |  0  |  613652
1688  |  1066  |  905438
1686  |  0  |  613679
1682  |  0  |  705786
1681  |  20  |  416784
1678  |  0  |  705357
1678  |  0  |  519445
1673  |  0  |  905355
1666  |  1130  |  905669
1664  |  0  |  519924
1662  |  0  |  807229
1661  |  0  |  519645
1652  |  1109  |  416620
1651  |  0  |  519699
1650  |  954  |  613254
1650  |  0  |  705544
1645  |  0  |  905940
1642  |  0  |  519207
1639  |  0  |  905983
1637  |  0  |  705368
1637  |  0  |  519875
1636  |  972  |  416495
1633  |  0  |  905988
1632  |  13  |  416730
1630  |  0  |  519338
1624  |  931  |  416443
1624  |  0  |  705744
1620  |  933  |  416631
1620  |  0  |  519673
1620  |  0  |  416364
1618  |  1011  |  905838
1618  |  0  |  519928
1617  |  907  |  416406
1615  |  0  |  705342
1610  |  1032  |  905382
1603  |  0  |  519692
1601  |  0  |  905984
1601  |  0  |  519726
1596  |  992  |  905629
1587  |  0  |  519855
1584  |  0  |  519934
1581  |  0  |  416928
1580  |  1251  |  519290
1579  |  0  |  613727
1578  |  928  |  905501
1572  |  0  |  613965
1570  |  0  |  905521
1567  |  0  |  613477
1565  |  0  |  613937
1564  |  507  |  647438
1564  |  0  |  613826
1557  |  0  |  519839
1557  |  0  |  519656
1553  |  0  |  705282
1550  |  0  |  613232
1550  |  0  |  519866
1548  |  2438  |  905419
1545  |  0  |  519452
1539  |  0  |  705466
1538  |  0  |  519343
1537  |  0  |  416363
1536  |  752  |  416227
1528  |  838  |  416201
1527  |  2799  |  905591
1523  |  0  |  705859
1522  |  0  |  705686
1520  |  0  |  705246
1519  |  0  |  416603
1518  |  1025  |  519927
1514  |  909  |  905677
1514  |  0  |  705386
1513  |  0  |  705378
1505  |  0  |  705858
1501  |  0  |  519782
1497  |  0  |  705538
1496  |  0  |  613534
1493  |  852  |  416510
1489  |  0  |  905349
1487  |  0  |  905633
1479  |  0  |  519690
1475  |  980  |  519938
1474  |  0  |  807597
1472  |  0  |  613789
1472  |  0  |  613386
1469  |  0  |  519251
1467  |  0  |  519367
1464  |  630  |  905305
1463  |  688  |  519585
1463  |  0  |  705585
1463  |  0  |  705422
1463  |  0  |  613474
1461  |  967  |  416232
1461  |  0  |  705248
1460  |  922  |  705856
1459  |  798  |  905602
1456  |  718  |  519584
1456  |  0  |  705384
1454  |  0  |  519227
1452  |  0  |  519762
1451  |  681  |  905672
1451  |  0  |  807346
1451  |  0  |  613259
1450  |  0  |  519587
1446  |  874  |  416424
1446  |  837  |  905513
1446  |  0  |  613989
1445  |  0  |  613387
1444  |  1295  |  905913
1442  |  0  |  705639
1440  |  1  |  905854
1439  |  0  |  416966
1422  |  0  |  613646
1421  |  0  |  905916
1421  |  0  |  705494
1419  |  716  |  519827
1419  |  0  |  519541
1416  |  686  |  905673
1415  |  0  |  705866
1415  |  0  |  519449
1414  |  0  |  905543
1413  |  0  |  705447
1409  |  0  |  416960
1407  |  852  |  416446
1407  |  0  |  613272
1405  |  0  |  416739
1402  |  0  |  613798
1401  |  0  |  613961
1401  |  0  |  613488
1399  |  673  |  705727
1397  |  0  |  905339
1397  |  0  |  613274
1397  |  0  |  519962
1394  |  0  |  519236
1394  |  0  |  416961
1392  |  735  |  905312
1391  |  0  |  519529
1389  |  0  |  416590
1385  |  427  |  647430
1381  |  0  |  416977
1375  |  0  |  519565
1372  |  746  |  416544
1372  |  0  |  905994
1371  |  0  |  705387
1370  |  0  |  613771
1367  |  676  |  613248
1364  |  1072  |  613622
1364  |  0  |  905696
1360  |  0  |  905947
1360  |  0  |  519887
1351  |  0  |  613279
1350  |  0  |  519436
1349  |  0  |  519845
1347  |  0  |  613923
1344  |  0  |  519461
1343  |  0  |  519971
1342  |  0  |  613359
1342  |  0  |  519393
1341  |  649  |  905816
1339  |  2256  |  905534
1323  |  0  |  705670
1323  |  0  |  416368
1322  |  887  |  416657
1319  |  0  |  519527
1318  |  0  |  519647
1316  |  725  |  905762
1316  |  0  |  705654
1315  |  0  |  905565
1308  |  0  |  613537
1304  |  0  |  519850
1304  |  0  |  519287
1300  |  788  |  416504
1300  |  2158  |  905605
1299  |  750  |  416288
1297  |  0  |  416972
1296  |  757  |  519829
1296  |  0  |  613352
1294  |  0  |  519655
1289  |  707  |  905615
1289  |  0  |  416926
1286  |  0  |  613657
1276  |  0  |  705842
1275  |  193  |  905948
1275  |  0  |  807547
1272  |  599  |  519770
1269  |  0  |  705864
1268  |  0  |  613249
1267  |  0  |  705757
1267  |  0  |  416480
1265  |  702  |  416780
1262  |  0  |  807733
1261  |  0  |  905743
1258  |  692  |  416323
1256  |  0  |  705488
1251  |  0  |  905949
1250  |  0  |  519785
1245  |  0  |  613269
1243  |  511  |  905487
1237  |  0  |  613479
1237  |  0  |  519899
1236  |  713  |  416246
1236  |  0  |  705776
1235  |  0  |  519294
1234  |  628  |  905403
1233  |  0  |  613393
1229  |  0  |  905954
1227  |  0  |  519644
1223  |  626  |  905671
1222  |  823  |  519826
1221  |  0  |  705769
1220  |  0  |  705594
1219  |  0  |  905415
1219  |  0  |  905284
1216  |  1  |  905815
1214  |  844  |  905649
1214  |  0  |  613338
1213  |  0  |  705793
1209  |  0  |  613372
1208  |  0  |  519392
1206  |  658  |  905306
1206  |  0  |  705475
1204  |  0  |  416650
1202  |  0  |  613725
1196  |  555  |  905494
1196  |  0  |  705767
1194  |  627  |  905751
1188  |  0  |  705360
1186  |  0  |  705684
1183  |  565  |  905488
1180  |  0  |  705924
1179  |  0  |  705898
1179  |  0  |  519368
1176  |  1086  |  905862
1174  |  0  |  519768
1172  |  0  |  613675
1167  |  0  |  705432
1166  |  0  |  705857
1162  |  1464  |  905843
1161  |  894  |  905262
1160  |  0  |  613527
1159  |  619  |  519533
1159  |  0  |  613375
1150  |  626  |  905804
1150  |  0  |  807854
1147  |  0  |  705438
1144  |  0  |  705671
1142  |  0  |  905982
1140  |  0  |  705865
1138  |  0  |  519335
1137  |  609  |  905564
1137  |  1566  |  905535
1134  |  0  |  519973
1133  |  0  |  519863
1132  |  737  |  416237
1128  |  0  |  705779
1127  |  0  |  519446
1124  |  0  |  905352
1124  |  0  |  705966
1124  |  0  |  613235
1123  |  614  |  905761
1116  |  0  |  705840
1116  |  0  |  416615
1113  |  0  |  613339
1112  |  0  |  613792
1111  |  1812  |  905425
1108  |  688  |  905238
1107  |  687  |  416208
1106  |  646  |  905678
1106  |  596  |  416701
1106  |  507  |  519720
1104  |  0  |  905448
1097  |  0  |  519285
1093  |  0  |  705764
1090  |  0  |  519596
1090  |  0  |  416260
1089  |  0  |  519324
1088  |  586  |  519750
1088  |  0  |  416667
1086  |  0  |  705750
1086  |  0  |  416413
1083  |  0  |  807983
1082  |  0  |  416235
1076  |  0  |  705682
1073  |  0  |  416962
1071  |  0  |  519475
1069  |  0  |  519289
1062  |  500  |  519569
1062  |  442  |  905817
1062  |  0  |  416915
1061  |  625  |  905670
1061  |  0  |  613724
1056  |  0  |  807939
1052  |  438  |  905593
1048  |  0  |  519695
1047  |  0  |  613926
1046  |  0  |  613379
1044  |  0  |  807826
1043  |  560  |  905474
1042  |  0  |  519458
1041  |  0  |  613752
1038  |  0  |  705374
1038  |  0  |  519353
1037  |  0  |  905991
1036  |  0  |  519275
1035  |  553  |  519220
1035  |  0  |  905797
1030  |  0  |  289286
1028  |  0  |  613378
1028  |  0  |  613346
1024  |  648  |  519883
1021  |  345  |  905435
1021  |  0  |  416979
1011  |  0  |  416593
1010  |  1616  |  519307
1009  |  0  |  705939
1007  |  0  |  613567
1004  |  459  |  519568
1002  |  0  |  519305
998  |  0  |  613658
994  |  596  |  905660
993  |  492  |  519249
993  |  0  |  519696
987  |  0  |  613524
983  |  0  |  416361
979  |  0  |  416386
976  |  570  |  905803
972  |  0  |  705563
970  |  0  |  519935
969  |  0  |  613562
965  |  1179  |  519219
962  |  0  |  905795
958  |  458  |  519536
956  |  0  |  613625
954  |  0  |  613928
952  |  493  |  905868
952  |  0  |  519864
949  |  0  |  905620
945  |  111  |  905901
942  |  0  |  905548
942  |  0  |  416963
934  |  0  |  519429
932  |  568  |  416207
932  |  0  |  519874
929  |  0  |  519798
927  |  0  |  613987
925  |  519  |  905384
920  |  0  |  807935
918  |  0  |  807887
918  |  0  |  519355
917  |  0  |  519922
908  |  0  |  807727
907  |  458  |  519757
905  |  0  |  519988
903  |  532  |  416440
902  |  0  |  705787
899  |  0  |  905386
899  |  0  |  519380
895  |  543  |  519654
892  |  0  |  519360
892  |  0  |  519327
890  |  0  |  519523
888  |  0  |  519730
887  |  0  |  905946
884  |  0  |  705528
883  |  0  |  416967
879  |  1747  |  905551
879  |  0  |  519648
874  |  0  |  519698
873  |  0  |  519229
863  |  0  |  905755
863  |  0  |  613766
862  |  0  |  613541
862  |  0  |  519663
860  |  467  |  905313
856  |  0  |  807343
856  |  0  |  519424
855  |  1434  |  705294
853  |  0  |  705867
852  |  173  |  905202
848  |  0  |  705439
848  |  0  |  613348
845  |  0  |  416539
843  |  525  |  416761
839  |  0  |  807482
835  |  0  |  613275
829  |  0  |  705642
828  |  123  |  905592
824  |  0  |  519469
824  |  0  |  416968
824  |  0  |  416290
821  |  0  |  613984
820  |  0  |  613278
819  |  0  |  613335
819  |  0  |  519435
818  |  0  |  613333
815  |  0  |  416214
812  |  0  |  905344
811  |  212  |  416596
811  |  0  |  905786
810  |  0  |  613344
809  |  0  |  807825
808  |  0  |  416410
803  |  0  |  705632
803  |  0  |  519325
802  |  0  |  705521
798  |  0  |  613582
798  |  0  |  613385
794  |  0  |  519358
793  |  403  |  905704
792  |  0  |  705536
790  |  0  |  416597
789  |  0  |  519687
785  |  0  |  613674
784  |  0  |  807876
780  |  0  |  613779
779  |  0  |  613935
775  |  0  |  705679
774  |  0  |  519528
773  |  470  |  705797
771  |  308  |  905223
771  |  0  |  416591
770  |  1535  |  705250
769  |  0  |  519462
768  |  0  |  519296
767  |  344  |  519341
766  |  0  |  705293
762  |  0  |  519689
757  |  0  |  519677
757  |  0  |  416598
750  |  0  |  416521
748  |  0  |  705760
745  |  0  |  705777
745  |  0  |  705336
744  |  0  |  807467
735  |  0  |  519795
732  |  160  |  905421
732  |  0  |  519675
728  |  0  |  705729
728  |  0  |  416798
724  |  0  |  705755
724  |  0  |  613635
720  |  452  |  905888
720  |  0  |  807226
720  |  0  |  705366
717  |  0  |  807824
716  |  0  |  705944
715  |  157  |  905308
715  |  0  |  705833
715  |  0  |  519370
714  |  0  |  705688
713  |  0  |  519339
712  |  395  |  905760
712  |  0  |  416514
711  |  0  |  705338
711  |  0  |  519246
709  |  0  |  905944
709  |  0  |  519356
705  |  364  |  519943
705  |  0  |  416674
704  |  0  |  705685
704  |  0  |  613210
704  |  0  |  519723
702  |  0  |  519293
701  |  211  |  905463
699  |  0  |  519463
699  |  0  |  519345
697  |  0  |  613636
696  |  0  |  416975
693  |  0  |  705273
691  |  0  |  807227
688  |  0  |  807938
686  |  0  |  613637
686  |  0  |  519737
683  |  0  |  519667
682  |  0  |  705758
680  |  0  |  613528
680  |  0  |  416861
678  |  0  |  705423
677  |  0  |  705844
676  |  0  |  705367
674  |  0  |  807934
669  |  0  |  613377
668  |  175  |  905540
667  |  0  |  519269
665  |  1582  |  905636
664  |  171  |  905228
664  |  0  |  613536
664  |  0  |  613388
657  |  0  |  519867
655  |  0  |  807735
653  |  0  |  705568
653  |  0  |  613589
652  |  0  |  705853
648  |  265  |  905482
647  |  0  |  613358
645  |  0  |  807852
644  |  0  |  705285
643  |  0  |  807684
643  |  0  |  519849
642  |  0  |  519828
642  |  0  |  416331
639  |  0  |  416515
638  |  0  |  519879
635  |  388  |  416545
635  |  0  |  613649
634  |  145  |  905612
634  |  0  |  705774
634  |  0  |  416362
632  |  0  |  705443
629  |  0  |  519484
628  |  253  |  905231
628  |  0  |  519693
626  |  116  |  905967
624  |  1016  |  905533
620  |  0  |  613587
620  |  0  |  613373
619  |  0  |  519975
618  |  0  |  705782
618  |  0  |  519876
616  |  1672  |  613425
616  |  0  |  613341
615  |  0  |  416934
611  |  0  |  519255
609  |  0  |  807766
607  |  253  |  905285
605  |  0  |  613930
603  |  0  |  416366
602  |  0  |  613758
602  |  0  |  613740
602  |  0  |  613530
602  |  0  |  519764
600  |  0  |  705785
596  |  0  |  705222
596  |  0  |  613754
593  |  0  |  905779
593  |  0  |  807933
593  |  0  |  519684
592  |  319  |  705323
591  |  0  |  613337
591  |  0  |  519522
586  |  142  |  905444
585  |  2791  |  905397
585  |  0  |  519347
582  |  0  |  416773
581  |  116  |  905861
578  |  209  |  705812
577  |  0  |  519440
575  |  937  |  519260
572  |  3823  |  647347
568  |  0  |  613538
562  |  0  |  613874
562  |  0  |  416340
560  |  0  |  519232
555  |  0  |  705337
555  |  0  |  519423
552  |  328  |  705720
550  |  0  |  905676
549  |  103  |  905282
549  |  0  |  519625
543  |  0  |  705340
541  |  0  |  416506
541  |  0  |  416367
540  |  0  |  807977
537  |  0  |  705953
536  |  0  |  705258
535  |  0  |  613471
534  |  290  |  905206
534  |  0  |  613326
533  |  0  |  807868
530  |  0  |  807486
526  |  0  |  807625
526  |  0  |  705669
524  |  0  |  416595
522  |  0  |  613715
520  |  0  |  705359
520  |  0  |  416599
519  |  62  |  905500
519  |  0  |  613397
517  |  0  |  519247
516  |  0  |  519225
514  |  84  |  905461
509  |  119  |  905866
508  |  0  |  705843
506  |  0  |  519456
503  |  227  |  905747
503  |  122  |  905405
503  |  0  |  519892
500  |  0  |  613535
496  |  0  |  705663
495  |  260  |  905614
495  |  251  |  905715
495  |  0  |  905656
494  |  0  |  519262
494  |  0  |  416218
493  |  0  |  519877
492  |  222  |  905952
488  |  0  |  519844
486  |  0  |  705569
486  |  0  |  519334
484  |  0  |  416383
481  |  0  |  613624
480  |  0  |  807628
479  |  0  |  807626
479  |  0  |  416675
475  |  0  |  613569
474  |  0  |  613244
473  |  0  |  905603
471  |  0  |  705967
470  |  0  |  416324
467  |  0  |  705731
466  |  0  |  807926
466  |  0  |  519691
466  |  0  |  519678
465  |  0  |  807886
465  |  0  |  416296
464  |  76  |  905280
461  |  151  |  519772
461  |  0  |  807488
459  |  0  |  807222
452  |  0  |  416430
451  |  0  |  519628
450  |  0  |  705320
449  |  0  |  519228
448  |  0  |  705723
448  |  0  |  613907
445  |  0  |  416849
445  |  0  |  416213
443  |  0  |  807964
440  |  1709  |  416855
440  |  0  |  807822
440  |  0  |  519366
436  |  489  |  613595
436  |  0  |  519799
434  |  0  |  705541
434  |  0  |  416354
433  |  0  |  807224
430  |  0  |  613638
428  |  0  |  519349
428  |  0  |  519205
426  |  0  |  705936
424  |  131  |  416637
423  |  0  |  705455
423  |  0  |  289284
422  |  35  |  905204
421  |  199  |  705228
417  |  0  |  289313
416  |  0  |  519468
413  |  0  |  705575
412  |  0  |  705237
411  |  54  |  905398
410  |  29  |  905910
410  |  0  |  705882
410  |  0  |  519985
409  |  0  |  416360
408  |  0  |  613208
405  |  0  |  416279
404  |  0  |  807755
404  |  0  |  519479
402  |  0  |  613221
400  |  177  |  519512
398  |  130  |  905943
397  |  0  |  705516
397  |  0  |  519481
397  |  0  |  519480
396  |  1121  |  905552
395  |  0  |  416679
395  |  0  |  416365
392  |  320  |  905546
392  |  0  |  519665
391  |  147  |  905918
390  |  0  |  519491
388  |  0  |  613594
388  |  0  |  519898
388  |  0  |  519263
387  |  0  |  705941
386  |  148  |  905480
386  |  0  |  705372
386  |  0  |  613268
383  |  0  |  519303
382  |  0  |  807484
380  |  0  |  807474
380  |  0  |  613667
375  |  155  |  416304
374  |  196  |  905346
370  |  0  |  519233
368  |  167  |  905667
366  |  0  |  416623
365  |  0  |  705383
362  |  198  |  519581
359  |  0  |  705247
359  |  0  |  519847
357  |  429  |  905777
354  |  0  |  807285
352  |  543  |  519302
352  |  102  |  905268
352  |  0  |  289347
347  |  0  |  705643
347  |  0  |  519467
347  |  0  |  416840
345  |  0  |  905753
341  |  144  |  905572
340  |  0  |  705862
340  |  0  |  705364
340  |  0  |  519834
339  |  0  |  613238
338  |  0  |  807476
334  |  0  |  613860
332  |  0  |  705763
330  |  125  |  519513
327  |  0  |  519769
327  |  0  |  519409
327  |  0  |  416955
326  |  182  |  416971
326  |  0  |  613491
325  |  0  |  519724
324  |  0  |  807582
324  |  0  |  416941
324  |  0  |  416351
323  |  0  |  519775
321  |  105  |  905203
320  |  0  |  519454
319  |  0  |  416405
318  |  117  |  905577
317  |  0  |  705498
317  |  0  |  519234
314  |  0  |  613492
314  |  0  |  519592
311  |  0  |  807483
311  |  0  |  705695
307  |  78  |  905366
305  |  0  |  807857
303  |  0  |  705658
301  |  0  |  807774
300  |  0  |  905241
298  |  0  |  905596
298  |  0  |  807662
295  |  0  |  705781
294  |  0  |  905402
294  |  0  |  519508
292  |  0  |  705884
289  |  0  |  705965
288  |  126  |  905556
288  |  0  |  705363
288  |  0  |  416594
287  |  0  |  613586
280  |  89  |  905369
280  |  0  |  807329
280  |  0  |  519283
280  |  0  |  519210
279  |  0  |  705634
278  |  0  |  905446
274  |  103  |  416306
274  |  0  |  416935
273  |  0  |  705283
272  |  148  |  905212
272  |  0  |  613288
271  |  0  |  705894
270  |  0  |  807487
270  |  0  |  705236
267  |  0  |  807928
267  |  0  |  705849
266  |  112  |  905250
265  |  77  |  905594
264  |  114  |  905486
262  |  0  |  905253
260  |  0  |  416216
255  |  85  |  905340
253  |  0  |  519963
252  |  97  |  905919
252  |  148  |  416513
249  |  167  |  905440
241  |  0  |  416883
240  |  0  |  705339
237  |  0  |  519515
236  |  0  |  416408
235  |  0  |  807986
235  |  0  |  705678
234  |  0  |  416345
232  |  0  |  705287
231  |  153  |  905429
231  |  0  |  613845
230  |  0  |  705677
226  |  0  |  705275
226  |  0  |  519526
223  |  0  |  613563
221  |  78  |  905618
221  |  0  |  613370
220  |  0  |  807537
219  |  0  |  807583
219  |  0  |  647288
218  |  0  |  519478
212  |  75  |  905879
212  |  0  |  519306
212  |  0  |  416601
211  |  86  |  905245
211  |  192  |  905570
211  |  0  |  705899
210  |  0  |  705997
209  |  0  |  613955
208  |  0  |  705736
204  |  197  |  905424
203  |  0  |  705564
202  |  0  |  416205
200  |  0  |  613564
194  |  0  |  613688
193  |  0  |  416369
192  |  0  |  905557
191  |  0  |  416969
190  |  0  |  807481
190  |  0  |  613759
190  |  0  |  416868
190  |  0  |  289369
187  |  0  |  705981
187  |  0  |  705565
185  |  0  |  705676
184  |  0  |  705892
184  |  0  |  416815
184  |  0  |  416342
183  |  61  |  905595
182  |  94  |  905606
181  |  0  |  705633
180  |  0  |  807242
179  |  53  |  905652
177  |  105  |  905532
174  |  0  |  416204
172  |  0  |  807929
172  |  0  |  416238
169  |  37  |  905900
168  |  0  |  807469
167  |  0  |  416947
167  |  0  |  416777
166  |  0  |  519643
165  |  41  |  905907
165  |  0  |  705352
163  |  0  |  807773
162  |  0  |  519964
161  |  4508  |  905582
160  |  80  |  905370
159  |  0  |  289280
153  |  0  |  705278
153  |  0  |  519203
152  |  0  |  705513
144  |  49  |  905585
144  |  1077  |  905499
144  |  0  |  807221
142  |  0  |  705290
142  |  0  |  519418
140  |  0  |  519431
140  |  0  |  289341
138  |  0  |  905406
138  |  0  |  705263
137  |  0  |  613963
137  |  0  |  289282
136  |  53  |  905363
136  |  0  |  705365
135  |  0  |  519560
133  |  0  |  289649
132  |  0  |  905748
130  |  0  |  807535
129  |  0  |  705551
127  |  0  |  613444
127  |  0  |  613419
127  |  0  |  519661
127  |  0  |  416945
125  |  0  |  905443
124  |  0  |  807875
123  |  0  |  289344
122  |  0  |  807225
122  |  0  |  416401
119  |  0  |  519309
117  |  0  |  613239
114  |  0  |  705889
113  |  0  |  807599
113  |  0  |  416862
112  |  0  |  613598
112  |  0  |  519997
112  |  0  |  416867
109  |  65  |  905708
109  |  0  |  705775
109  |  0  |  613461
109  |  0  |  416864
108  |  31  |  613216
108  |  0  |  807925
108  |  0  |  705463
108  |  0  |  647426
108  |  0  |  519907
108  |  0  |  416682
107  |  35  |  905266
107  |  0  |  705550
107  |  0  |  705369
106  |  0  |  416228
106  |  0  |  289333
105  |  0  |  807624
104  |  0  |  705552
104  |  0  |  519202
104  |  0  |  416863
103  |  32  |  905362
103  |  0  |  519640
103  |  0  |  519575
102  |  40  |  905695
102  |  0  |  613768
101  |  0  |  807529
99  |  0  |  705624
99  |  0  |  613650
98  |  0  |  807363
98  |  0  |  289345
96  |  0  |  416681
94  |  219  |  905972
94  |  0  |  705291
94  |  0  |  705223
94  |  0  |  613574
93  |  0  |  807775
92  |  684  |  519279
92  |  0  |  807353
92  |  0  |  519873
92  |  0  |  416585
91  |  0  |  905361
91  |  0  |  905307
91  |  0  |  613496
88  |  0  |  807595
88  |  0  |  613656
88  |  0  |  519646
88  |  0  |  519390
87  |  49  |  905267
86  |  0  |  905590
86  |  0  |  416217
85  |  42  |  905323
85  |  0  |  416847
85  |  0  |  289396
84  |  49  |  705330
84  |  0  |  905539
83  |  26  |  905657
83  |  0  |  416341
82  |  21  |  905908
82  |  0  |  807749
82  |  0  |  519214
82  |  0  |  416348
81  |  38  |  905293
80  |  0  |  905769
80  |  0  |  807532
80  |  0  |  416869
79  |  30  |  905694
78  |  0  |  905589
77  |  0  |  807927
77  |  0  |  705251
76  |  97  |  416866
75  |  0  |  705266
75  |  0  |  416586
74  |  0  |  807442
74  |  0  |  705547
74  |  0  |  289346
73  |  2183  |  905503
72  |  0  |  613507
71  |  0  |  416350
70  |  0  |  807347
70  |  0  |  705514
70  |  0  |  519315
70  |  0  |  416507
69  |  306  |  519805
69  |  0  |  519913
68  |  169  |  905583
68  |  0  |  807885
68  |  0  |  705814
68  |  0  |  519206
67  |  0  |  905217
67  |  0  |  705841
67  |  0  |  519987
66  |  767  |  905996
66  |  0  |  613429
65  |  0  |  905998
65  |  0  |  807478
65  |  0  |  613493
65  |  0  |  519213
65  |  0  |  416673
65  |  0  |  289291
62  |  0  |  705239
62  |  0  |  613470
61  |  98  |  905661
61  |  0  |  807471
60  |  0  |  905489
59  |  0  |  905558
59  |  0  |  807772
59  |  0  |  705517
59  |  0  |  519397
58  |  39  |  905317
57  |  0  |  905928
56  |  29  |  905292
56  |  0  |  905860
56  |  0  |  705224
55  |  0  |  519295
54  |  0  |  705396
54  |  0  |  613560
54  |  0  |  519952
54  |  0  |  416860
53  |  47  |  647428
53  |  0  |  705473
53  |  0  |  613627
53  |  0  |  519430
52  |  127  |  905766
52  |  0  |  905600
52  |  0  |  807593
52  |  0  |  705553
52  |  0  |  226661
51  |  0  |  416865
49  |  0  |  905322
49  |  0  |  819242
49  |  0  |  705515
49  |  0  |  613719
49  |  0  |  416943
49  |  0  |  416581
49  |  0  |  289370
49  |  0  |  289288
48  |  19  |  905224
48  |  0  |  905350
48  |  0  |  807776
48  |  0  |  807485
48  |  0  |  807479
48  |  0  |  289878
47  |  0  |  807947
47  |  0  |  807771
47  |  0  |  519394
46  |  0  |  807879
46  |  0  |  416337
45  |  0  |  519316
45  |  0  |  519266
44  |  3785  |  289296
44  |  0  |  807872
44  |  0  |  613573
43  |  0  |  905422
43  |  0  |  705648
43  |  0  |  519412
43  |  0  |  416384
42  |  0  |  905750
42  |  0  |  519514
41  |  0  |  519308
40  |  50  |  613482
40  |  0  |  613877
40  |  0  |  613287
39  |  0  |  647427
38  |  2299  |  289820
38  |  0  |  807275
38  |  0  |  705847
38  |  0  |  613469
38  |  0  |  226662
37  |  0  |  905300
37  |  0  |  807982
37  |  0  |  705353
37  |  0  |  416956
37  |  0  |  416646
37  |  0  |  416359
36  |  0  |  613755
35  |  979  |  647827
35  |  0  |  613405
35  |  0  |  416202
35  |  0  |  226941
34  |  78  |  416628
34  |  0  |  705233
33  |  0  |  905754
33  |  0  |  905485
33  |  0  |  905214
33  |  0  |  416842
33  |  0  |  416592
32  |  0  |  807238
32  |  0  |  613205
32  |  0  |  416907
32  |  0  |  416790
32  |  0  |  416645
32  |  0  |  226658
31  |  0  |  807584
31  |  0  |  519510
30  |  0  |  807349
30  |  0  |  647776
30  |  0  |  519774
30  |  0  |  226665
29  |  23  |  905205
29  |  0  |  519417
29  |  0  |  450451
29  |  0  |  289292
28  |  53  |  905504
28  |  0  |  705234
26  |  94  |  647477
25  |  0  |  705556
25  |  0  |  416640
24  |  0  |  905408
24  |  0  |  705478
24  |  0  |  416542
23  |  0  |  705747
23  |  0  |  519237
22  |  0  |  905256
22  |  0  |  905233
22  |  0  |  519593
22  |  0  |  519224
22  |  0  |  416263
21  |  0  |  416619
20  |  0  |  905663
20  |  0  |  519414
20  |  0  |  519333
19  |  0  |  519629
19  |  0  |  519464
19  |  0  |  416848
19  |  0  |  416442
19  |  0  |  289728
19  |  0  |  226660
18  |  0  |  905445
18  |  0  |  905219
18  |  0  |  519932
18  |  0  |  416572
18  |  0  |  416343
18  |  0  |  289202
17  |  93  |  905977
17  |  200  |  519603
17  |  0  |  705640
17  |  0  |  705397
17  |  0  |  519989
17  |  0  |  519488
17  |  0  |  416974
17  |  0  |  416634
16  |  0  |  905258
16  |  0  |  705751
16  |  0  |  613783
16  |  0  |  519405
16  |  0  |  416709
15  |  0  |  613782
15  |  0  |  519518
14  |  0  |  905222
14  |  0  |  647777
14  |  0  |  613593
14  |  0  |  613566
14  |  0  |  613212
14  |  0  |  416642
13  |  667  |  647728
13  |  0  |  807466
13  |  0  |  807230
13  |  0  |  705651
13  |  0  |  705520
13  |  0  |  705225
13  |  0  |  613686
13  |  0  |  613466
13  |  0  |  519374
13  |  0  |  416946
13  |  0  |  416813
13  |  0  |  416753
13  |  0  |  289725
12  |  37  |  905645
12  |  11  |  416417
12  |  0  |  905752
12  |  0  |  905200
12  |  0  |  705883
12  |  0  |  705771
12  |  0  |  705554
12  |  0  |  613603
12  |  0  |  613349
12  |  0  |  519814
12  |  0  |  416390
12  |  0  |  416380
12  |  0  |  289723
12  |  0  |  289579
11  |  0  |  905710
11  |  0  |  519968
11  |  0  |  416893
11  |  0  |  226942
10  |  46  |  905395
10  |  11  |  416471
10  |  0  |  819827
10  |  0  |  807270
10  |  0  |  647722
10  |  0  |  613887
10  |  0  |  613540
10  |  0  |  519790
10  |  0  |  519489
10  |  0  |  519218
10  |  0  |  416940
10  |  0  |  416771
10  |  0  |  416448
10  |  0  |  289891
10  |  0  |  289426
MongoDB shell version: 2.6.8
connecting to: directory
