COUNT    | LINE
-----------------------------------------------------
    3197 | 289752
    3195 | 905554
    2777 | 289553
    2750 | 905216
    2744 | 905915
    2326 | 905237
    2272 | 289878
    2266 | 905239
    2258 | 905230
    2131 | 705252
    1945 | 905553
    1890 | 289997
    1885 | 905235
    1860 | 289240
    1803 | 905794
    1795 | 289296
    1720 | 905591
    1713 | 905303
    1686 | 905417
    1670 | 519304
    1602 | 905495
    1544 | 905471
    1525 | 905832
    1520 | 905582
    1462 | 289337
    1425 | 519265
    1404 | 905846
    1401 | 905472
    1371 | 905824
    1360 | 289362
    1351 | 905294
    1338 | 289396
    1337 | 647348
    1335 | 905643
    1332 | 519954
    1313 | 905840
    1305 | 905354
    1303 | 905493
    1297 | 519267
    1297 | 905497
    1285 | 519753
    1285 | 905383
    1276 | 905851
    1275 | 289820
    1268 | 905455
    1249 | 705431
    1242 | 519208
    1232 | 647347
    1229 | 905735
    1222 | 647351
    1221 | 905856
    1220 | 905388
    1218 | 905773
    1216 | 905623
    1215 | 905728
    1211 | 905686
    1210 | 905655
    1209 | 289597
    1207 | 905389
    1204 | 416792
    1202 | 905385
    1196 | 416551
    1191 | 519623
    1191 | 519752
    1189 | 905793
    1182 | 905551
    1175 | 647346
    1172 | 416651
    1172 | 905732
    1171 | 647340
    1170 | 905723
    1167 | 519756
    1167 | 905201
    1167 | 905356
    1166 | 416653
    1162 | 905503
    1161 | 647345
    1160 | 416654
    1158 | 905648
    1147 | 416466
    1146 | 416546
    1145 | 905683
    1140 | 905427
    1126 | 647344
    1124 | 905935
    1115 | 416284
    1115 | 905547
    1114 | 905579
    1114 | 905934
    1113 | 647343
    1112 | 416282
    1109 | 905775
    1102 | 416901
    1102 | 905257
    1100 | 905450
    1097 | 905227
    1097 | 905426
    1093 | 416656
    1092 | 905662
    1089 | 519442
    1085 | 905544
    1082 | 905834
    1081 | 905725
    1080 | 416465
    1080 | 905791
    1075 | 905796
    1073 | 705436
    1073 | 905358
    1071 | 519539
    1070 | 905640
    1066 | 905457
    1065 | 416519
    1061 | 905827
    1060 | 905857
    1055 | 416283
    1054 | 519621
    1051 | 647342
    1048 | 905387
    1047 | 905636
    1046 | 226647
    1038 | 905419
    1038 | 905785
    1036 | 905545
    1035 | 416724
    1033 | 905454
    1032 | 905937
    1031 | 905642
    1021 | 905799
    1020 | 519759
    1019 | 905668
    1018 | 289389
    1018 | 289837
    1014 | 905576
    1009 | 905397
    1004 | 905945
    1000 | 519745
     997 | 905877
     994 | 519743
     989 | 905428
     988 | 905956
     987 | 905884
     986 | 905357
     985 | 905549
     983 | 416439
     982 | 519576
     979 | 289304
     978 | 416286
     978 | 519622
     975 | 519578
     974 | 905575
     972 | 416767
     968 | 905697
     967 | 905997
     965 | 416743
     965 | 905605
     964 | 416533
     964 | 905459
     959 | 905765
     956 | 289234
     954 | 416461
     954 | 905453
     954 | 905574
     945 | 519579
     945 | 905878
     941 | 416534
     940 | 905734
     936 | 416532
     936 | 905318
     935 | 289239
     934 | 905664
     931 | 416686
     925 | 416244
     925 | 905792
     924 | 416769
     923 | 519742
     919 | 416249
     919 | 905304
     915 | 905425
     915 | 905847
     914 | 416431
     914 | 905430
     914 | 905737
     912 | 416536
     912 | 519744
     909 | 905826
     899 | 416438
     899 | 705728
     896 | 905458
     892 | 416652
     891 | 905508
     890 | 416755
     889 | 289660
     887 | 905209
     887 | 905951
     882 | 905665
     881 | 416247
     881 | 705726
     881 | 905895
     879 | 705294
     873 | 416537
     866 | 905839
     865 | 905451
     862 | 519893
     861 | 905492
     859 | 519821
     858 | 905898
     856 | 416762
     855 | 416535
     855 | 416766
     855 | 905627
     851 | 519824
     850 | 705435
     850 | 905770
     847 | 905684
     846 | 905335
     846 | 905790
     846 | 905913
     844 | 905597
     841 | 905682
     838 | 905873
     837 | 905571
     836 | 416749
     833 | 416255
     833 | 416741
     832 | 905332
     829 | 519836
     826 | 416757
     824 | 416759
     824 | 905646
     822 | 416259
     821 | 416633
     821 | 905309
     819 | 416241
     818 | 416267
     818 | 416698
     818 | 905336
     811 | 416266
     808 | 416287
     808 | 416742
     807 | 416638
     807 | 905864
     807 | 905883
     806 | 905635
     804 | 416531
     801 | 519653
     797 | 289232
     797 | 905835
     788 | 647341
     786 | 416783
     785 | 416636
     783 | 905850
     782 | 905561
     780 | 416293
     779 | 416787
     777 | 416261
     777 | 519886
     776 | 416658
     773 | 519290
     768 | 905666
     768 | 905727
     767 | 519822
     767 | 905841
     764 | 416781
     763 | 905279
     758 | 519884
     758 | 905469
     757 | 519896
     756 | 416782
     756 | 905628
     755 | 705250
     754 | 416233
     754 | 905509
     754 | 905852
     749 | 416745
     749 | 905789
     747 | 416299
     745 | 905685
     744 | 416292
     740 | 905836
     736 | 416691
     734 | 519740
     731 | 905331
     731 | 905874
     730 | 416778
     730 | 905844
     729 | 905853
     728 | 705326
     727 | 416463
     726 | 416248
     725 | 905240
     724 | 519894
     719 | 905619
     719 | 905889
     718 | 905634
     717 | 289891
     716 | 705325
     715 | 905270
     713 | 905831
     712 | 905452
     707 | 519763
     707 | 647352
     706 | 905890
     704 | 905278
     704 | 905653
     700 | 905820
     697 | 905538
     695 | 416225
     695 | 416621
     693 | 416291
     692 | 905825
     690 | 705735
     685 | 416298
     685 | 416516
     685 | 905560
     684 | 416630
     684 | 519885
     682 | 905275
     682 | 905420
     680 | 416763
     678 | 416239
     677 | 905264
     676 | 416699
     673 | 416265
     671 | 905607
     666 | 416754
     665 | 416269
     665 | 905845
     664 | 416694
     662 | 416335
     662 | 905567
     662 | 905578
     659 | 416493
     658 | 416264
     658 | 519620
     657 | 905604
     655 | 905637
     653 | 416746
     652 | 416423
     648 | 416740
     648 | 905876
     644 | 289235
     642 | 905456
     640 | 416604
     639 | 905881
     638 | 416444
     636 | 905731
     631 | 416488
     630 | 705792
     630 | 905828
     627 | 416245
     626 | 416748
     626 | 905822
     623 | 905680
     621 | 705737
     619 | 416425
     618 | 416751
     617 | 905274
     616 | 416690
     614 | 416491
     614 | 905814
     613 | 905319
     613 | 905821
     612 | 416231
     612 | 705259
     611 | 905374
     609 | 416222
     607 | 905886
     604 | 905970
     603 | 416242
     602 | 416588
     599 | 905788
     598 | 905393
     598 | 905858
     597 | 416752
     596 | 416421
     596 | 519748
     594 | 519307
     594 | 905295
     593 | 905930
     592 | 416221
     591 | 905938
     590 | 905688
     589 | 905573
     587 | 416251
     587 | 519746
     583 | 519537
     579 | 416494
     576 | 905371
     575 | 519823
     574 | 905584
     573 | 519658
     573 | 905632
     571 | 416538
     567 | 416497
     565 | 519421
     565 | 905842
     563 | 905823
     560 | 416622
     560 | 705739
     560 | 905702
     559 | 905639
     557 | 416289
     557 | 416297
     557 | 519758
     557 | 519942
     556 | 416321
     556 | 905780
     555 | 905271
     555 | 905712
     555 | 905726
     552 | 416223
     551 | 519751
     551 | 647349
     549 | 905693
     548 | 519941
     547 | 905875
     546 | 705722
     546 | 905990
     543 | 905507
     543 | 905568
     539 | 416281
     538 | 519570
     538 | 705719
     538 | 905522
     538 | 905654
     532 | 416487
     532 | 905502
     530 | 519624
     530 | 905812
     529 | 519749
     525 | 416492
     521 | 905525
     520 | 416398
     520 | 416789
     515 | 905528
     513 | 905527
     512 | 416635
     512 | 416744
     511 | 416481
     508 | 905721
     504 | 905843
     502 | 905529
     499 | 289656
     498 | 905542
     496 | 905893
     495 | 416485
     495 | 416499
     494 | 416285
     493 | 705503
     492 | 416785
     492 | 905833
     489 | 416693
     489 | 905533
     487 | 416483
     486 | 519650
     485 | 519747
     485 | 905996
     484 | 905837
     483 | 905569
     481 | 905465
     479 | 905277
     479 | 905764
     476 | 905338
     476 | 905714
     475 | 416489
     474 | 905434
     472 | 416469
     472 | 905534
     470 | 705434
     468 | 519837
     467 | 416447
     466 | 905829
     464 | 416626
     463 | 416614
     463 | 905763
     462 | 416429
     459 | 519571
     459 | 905891
     455 | 416253
     455 | 905272
     455 | 905436
     455 | 905778
     454 | 905953
     452 | 416498
     451 | 705327
     451 | 905276
     451 | 905882
     449 | 905849
     448 | 416747
     448 | 905713
     447 | 416243
     444 | 905265
     442 | 289521
     442 | 905232
     442 | 905353
     439 | 416503
     438 | 905720
     434 | 905819
     433 | 905830
     432 | 289836
     431 | 416462
     431 | 905681
     428 | 905432
     427 | 705721
     426 | 905499
     422 | 416609
     420 | 905479
     419 | 905862
     415 | 416226
     415 | 905460
     415 | 905848
     412 | 519260
     411 | 416750
     411 | 905855
     407 | 416252
     405 | 905787
     404 | 416332
     404 | 519741
     404 | 705733
     402 | 905813
     401 | 905709
     399 | 905631
     396 | 705725
     393 | 416482
     385 | 416486
     383 | 416449
     377 | 416603
     376 | 905641
     376 | 905677
     375 | 416467
     373 | 416445
     371 | 905286
     370 | 519767
     369 | 519940
     368 | 416422
     367 | 519754
     366 | 416256
     359 | 519888
     356 | 416236
     356 | 705734
     353 | 416733
     353 | 519219
     353 | 905887
     352 | 905707
     352 | 905771
     349 | 416932
     348 | 905738
     348 | 905896
     347 | 416657
     345 | 416855
     345 | 905625
     344 | 647350
     343 | 905526
     342 | 416696
     341 | 416695
     339 | 416412
     338 | 416760
     333 | 905312
     333 | 905916
     331 | 416484
     327 | 289238
     323 | 905333
     322 | 905672
     320 | 705730
     320 | 905543
     319 | 519651
     319 | 905470
     319 | 905523
     317 | 416530
     316 | 519725
     314 | 905984
     309 | 416502
     307 | 416391
     307 | 905501
     307 | 905565
     304 | 905608
     303 | 519895
     303 | 905687
     302 | 905281
     302 | 905337
     302 | 905673
     301 | 416406
     301 | 905326
     300 | 905273
     297 | 416496
     297 | 905624
     295 | 519766
     292 | 905477
     290 | 705329
     290 | 905433
     290 | 905669
     289 | 905488
     289 | 905671
     289 | 905988
     288 | 905494
     287 | 416756
     287 | 905404
     287 | 905678
     286 | 905696
     284 | 905297
     282 | 416512
     278 | 905940
     277 | 416250
     276 | 416661
     276 | 416929
     275 | 519880
     275 | 905315
     275 | 905524
     273 | 905564
     271 | 905949
     270 | 416922
     269 | 416208
     269 | 905296
     269 | 905539
     267 | 647726
     267 | 905475
     266 | 905897
     264 | 905438
     261 | 416240
     261 | 416925
     260 | 416224
     259 | 905566
     257 | 416913
     257 | 905313
     256 | 519927
     255 | 905880
     253 | 416703
     252 | 416229
     252 | 416490
     251 | 519584
     251 | 905670
     250 | 519780
     250 | 905513
     244 | 416234
     244 | 416322
     244 | 519750
     243 | 519533
     242 | 416631
     241 | 905487
     240 | 905761
     238 | 519585
     237 | 519302
     236 | 416620
     231 | 905548
     230 | 519770
     228 | 416663
     228 | 416784
     224 | 416441
     223 | 905743
     222 | 416921
     220 | 416850
     215 | 416665
     215 | 519938
     215 | 905795
     214 | 519342
     214 | 905521
     212 | 416385
     211 | 905339
     207 | 519826
     205 | 416203
     204 | 705797
     200 | 416201
     199 | 416924
     199 | 705727
     198 | 905751
     197 | 416443
     197 | 519720
     197 | 519829
     196 | 289725
     196 | 416495
     194 | 416246
     194 | 905954
     192 | 905415
     191 | 905620
     191 | 905769
     191 | 905816
     190 | 519279
     189 | 416232
     188 | 647827
     186 | 416288
     186 | 416510
     186 | 416780
     186 | 905660
     186 | 905868
     184 | 416504
     182 | 416920
     182 | 416944
     182 | 519883
     181 | 647439
     181 | 647729
     180 | 416238
     179 | 416539
     179 | 519827
     179 | 905629
     178 | 416701
     178 | 519249
     178 | 519757
     178 | 905860
     177 | 647727
     176 | 416615
     176 | 905762
     174 | 416964
     171 | 416916
     171 | 519536
     170 | 905381
     169 | 905633
     168 | 416674
     167 | 416446
     167 | 416736
     165 | 519568
     165 | 905815
     164 | 519220
     164 | 519569
     163 | 416235
     162 | 416237
     162 | 416424
     161 | 905474
     160 | 416227
     160 | 905927
     158 | 416730
     157 | 416761
     156 | 905704
     156 | 905760
     155 | 905946
     154 | 905615
     153 | 416410
     153 | 905676
     152 | 519654
     152 | 905944
     151 | 416923
     151 | 905223
     150 | 647436
     149 | 905602
     148 | 905284
     147 | 416480
     147 | 905306
     146 | 647435
     146 | 905233
     144 | 905290
     143 | 289284
     143 | 647725
     143 | 905817
     142 | 416544
     142 | 416966
     142 | 905403
     142 | 905448
     142 | 905947
     138 | 416590
     138 | 905755
     136 | 905593
     135 | 416675
     135 | 905804
     133 | 416927
     133 | 905435
     132 | 416364
     132 | 905238
     132 | 905803
     131 | 905612
     130 | 905405
     129 | 905861
     128 | 647438
     128 | 905202
     127 | 416386
     127 | 416798
     126 | 905967
     124 | 416207
     124 | 905308
     122 | 289649
     122 | 519805
     121 | 905421
     121 | 905948
     120 | 647430
     119 | 416739
     119 | 905305
     118 | 416962
     116 | 416928
     116 | 905901
     113 | 905218
     112 | 416961
     110 | 905552
     109 | 416679
     109 | 647728
     109 | 905231
     109 | 905892
     108 | 416915
     107 | 416667
     105 | 519341
     103 | 289755
     102 | 416650
     102 | 416972
     101 | 416977
     100 | 905689
      99 | 905500
      98 | 905463
      97 | 416368
      97 | 905866
      94 | 416521
      93 | 905540
      92 | 289426
      91 | 416440
      91 | 416926
      91 | 416960
      89 | 416773
      89 | 905204
      89 | 905398
      89 | 905444
      89 | 905592
      86 | 289554
      86 | 905679
      85 | 289313
      84 | 416213
      84 | 416323
      83 | 289404
      83 | 519804
      83 | 905395
      83 | 905572
      83 | 905910
      82 | 416963
      82 | 519943
      82 | 705812
      82 | 905424
      80 | 905285
      80 | 905715
      79 | 905661
      77 | 416363
      77 | 416967
      77 | 905943
      76 | 416979
      75 | 416430
      74 | 905282
      74 | 905346
      74 | 905766
      73 | 705323
      73 | 905690
      72 | 905461
      72 | 905577
      72 | 905888
      71 | 905384
      71 | 905972
      70 | 416545
      70 | 519581
      70 | 647748
      69 | 905482
      69 | 905747
      69 | 905918
      69 | 905952
      68 | 416840
      67 | 416593
      67 | 905228
      64 | 416384
      64 | 519415
      63 | 416413
      63 | 705720
      62 | 416968
      61 | 416361
      60 | 905546
      56 | 416596
      55 | 519512
      55 | 905206
      55 | 905777
      54 | 416405
      53 | 416383
      53 | 519603
      52 | 416331
      51 | 416260
      51 | 416354
      51 | 416975
      51 | 905480
      50 | 416218
      50 | 519513
      48 | 905532
      47 | 416366
      47 | 705881
      46 | 416362
      46 | 416515
      44 | 905203
      44 | 905440
      43 | 416595
      43 | 905280
      43 | 905556
      42 | 519772
      41 | 705856
      40 | 416591
      40 | 905667
      39 | 289347
      39 | 416597
      39 | 416598
      39 | 905614
      38 | 416849
      38 | 416934
      37 | 416514
      37 | 905570
      37 | 905977
      36 | 226381
      36 | 416599
      35 | 289846
      34 | 416214
      34 | 905649
      33 | 289786
      33 | 416861
      32 | 416506
      32 | 416594
      32 | 416987
      30 | 905429
      29 | 289291
      29 | 289757
      29 | 289841
      29 | 905263
      29 | 905340
      28 | 416367
      28 | 905250
      28 | 905595
      27 | 289292
      27 | 416324
      27 | 416360
      27 | 416815
      27 | 647477
      27 | 905369
      27 | 905594
      26 | 289288
      26 | 905366
      25 | 289479
      25 | 289843
      25 | 905618
      25 | 905900
      24 | 416340
      24 | 519316
      24 | 519448
      24 | 905245
      23 | 416390
      23 | 416800
      23 | 905268
      23 | 905585
      23 | 905606
      23 | 905708
      22 | 289842
      22 | 416401
      22 | 416628
      22 | 416955
      22 | 905266
      22 | 905382
      22 | 905879
      22 | 905941
      21 | 519515
      21 | 905292
      21 | 905652
      20 | 226336
      20 | 416945
      20 | 519575
      20 | 519602
      20 | 905370
      20 | 905583
      20 | 905838
      19 | 416345
      19 | 416365
      19 | 905363
      18 | 416601
      18 | 613838
      18 | 905919
      17 | 519224
      17 | 519489
      17 | 647428
      17 | 905486
      16 | 289443
      16 | 289845
      16 | 416868
      16 | 416943
      16 | 416969
      16 | 519309
      16 | 905212
      16 | 905504
      16 | 905657
      16 | 905695
      15 | 289840
      15 | 416907
      15 | 416947
      15 | 905262
      15 | 905645
      15 | 905692
      14 | 289333
      14 | 289851
      14 | 416408
      14 | 416619
      14 | 416623
      14 | 416863
      14 | 416935
      14 | 905293
      14 | 905317
      13 | 289245
      13 | 289386
      13 | 289480
      13 | 289861
      13 | 416864
      13 | 905694
      13 | 905908
      12 | 289344
      12 | 289477
      12 | 289863
      12 | 289897
      12 | 416204
      12 | 416216
      12 | 416351
      12 | 416848
      12 | 647724
      12 | 647847
      12 | 647925
      12 | 905323
      12 | 905362
      11 | 289632
      11 | 289848
      11 | 416205
      11 | 416304
      11 | 416513
      11 | 416971
      11 | 647317
      11 | 705228
      11 | 905205
      11 | 905224
      10 | 416306
      10 | 416866
      10 | 647247
      10 | 705330
      10 | 905267
      10 | 905907